# relative_time, cycles_done, cur_item, corpus_count, pending_total, pending_favs, map_size, saved_crashes, saved_hangs, max_depth, execs_per_sec, total_execs, edges_found, total_crashes, servers_count
65, 0, 2, 3, 1, 1, 33.33%, 0, 0, 2, 0.81, 67, 15, 0, 0
71, 0, 2, 3, 1, 1, 33.33%, 0, 0, 2, 0.81, 72, 15, 0, 0
78, 0, 2, 3, 1, 1, 33.33%, 0, 0, 2, 0.81, 77, 15, 0, 0
84, 0, 2, 3, 1, 1, 33.33%, 0, 0, 2, 0.81, 82, 15, 0, 0
90, 0, 0, 3, 0, 0, 33.33%, 0, 0, 2, 0.81, 87, 15, 0, 0
96, 0, 0, 3, 0, 0, 33.33%, 0, 0, 2, 0.81, 92, 15, 0, 0
102, 0, 0, 3, 0, 0, 33.33%, 0, 0, 2, 0.81, 97, 15, 0, 0
109, 0, 0, 3, 0, 0, 33.33%, 0, 0, 2, 0.81, 102, 15, 0, 0
115, 0, 0, 3, 0, 0, 33.33%, 0, 0, 2, 0.81, 107, 15, 0, 0
121, 0, 0, 3, 0, 0, 33.33%, 0, 0, 2, 0.81, 112, 15, 0, 0
127, 0, 0, 3, 0, 0, 33.33%, 0, 0, 2, 0.81, 117, 15, 0, 0
133, 0, 0, 3, 0, 0, 33.33%, 0, 0, 2, 0.81, 122, 15, 0, 0
139, 0, 0, 3, 0, 0, 33.33%, 0, 0, 2, 0.81, 127, 15, 0, 0
146, 0, 0, 3, 0, 0, 33.33%, 0, 0, 2, 0.81, 132, 15, 0, 0
152, 0, 0, 3, 0, 0, 33.33%, 0, 0, 2, 0.81, 137, 15, 0, 0
158, 0, 0, 3, 0, 0, 33.33%, 0, 0, 2, 0.81, 142, 15, 0, 0
164, 0, 0, 3, 0, 0, 33.33%, 0, 0, 2, 0.81, 147, 15, 0, 0
170, 1, 0, 3, 0, 0, 33.33%, 0, 0, 2, 0.81, 152, 15, 0, 0
177, 1, 0, 3, 0, 0, 33.33%, 0, 0, 2, 0.81, 157, 15, 0, 0
183, 1, 0, 3, 0, 0, 33.33%, 0, 0, 2, 0.81, 162, 15, 0, 0
189, 1, 0, 3, 0, 0, 33.33%, 0, 0, 2, 0.81, 167, 15, 0, 0
195, 1, 0, 3, 0, 0, 33.33%, 0, 0, 2, 0.81, 172, 15, 0, 0
201, 1, 0, 3, 0, 0, 33.33%, 0, 0, 2, 0.81, 177, 15, 0, 0
207, 1, 0, 3, 0, 0, 33.33%, 0, 0, 2, 0.81, 182, 15, 0, 0
214, 1, 0, 3, 0, 0, 33.33%, 0, 0, 2, 0.81, 187, 15, 0, 0
220, 1, 0, 3, 0, 0, 33.33%, 0, 0, 2, 0.81, 192, 15, 0, 0
226, 1, 0, 3, 0, 0, 33.33%, 0, 0, 2, 0.81, 197, 15, 0, 0
232, 1, 0, 3, 0, 0, 33.33%, 0, 0, 2, 0.81, 202, 15, 0, 0
238, 1, 0, 3, 0, 0, 33.33%, 0, 0, 2, 0.81, 207, 15, 0, 0
245, 2, 0, 3, 0, 0, 33.33%, 0, 0, 2, 0.81, 212, 15, 0, 0
251, 2, 0, 3, 0, 0, 33.33%, 0, 0, 2, 0.81, 217, 15, 0, 0
257, 2, 0, 3, 0, 0, 33.33%, 0, 0, 2, 0.81, 222, 15, 0, 0
263, 2, 0, 3, 0, 0, 33.33%, 0, 0, 2, 0.81, 227, 15, 0, 0
269, 2, 2, 3, 0, 0, 33.33%, 0, 0, 2, 0.81, 232, 15, 0, 0
275, 2, 2, 3, 0, 0, 33.33%, 0, 0, 2, 0.81, 237, 15, 0, 0
282, 2, 2, 3, 0, 0, 33.33%, 0, 0, 2, 0.81, 242, 15, 0, 0
288, 2, 0, 3, 0, 0, 33.33%, 0, 0, 2, 0.81, 247, 15, 0, 0
294, 2, 0, 3, 0, 0, 33.33%, 0, 0, 2, 0.81, 252, 15, 0, 0
300, 2, 2, 3, 0, 0, 33.33%, 0, 0, 2, 0.81, 257, 15, 0, 0
306, 2, 2, 3, 0, 0, 33.33%, 0, 0, 2, 0.81, 262, 15, 0, 0
313, 2, 2, 3, 0, 0, 33.33%, 0, 0, 2, 0.81, 267, 15, 0, 0
319, 3, 0, 3, 0, 0, 33.33%, 0, 0, 2, 0.81, 272, 15, 0, 0
325, 3, 0, 3, 0, 0, 33.33%, 0, 0, 2, 0.81, 277, 15, 0, 0
331, 3, 0, 3, 0, 0, 33.33%, 0, 0, 2, 0.81, 282, 15, 0, 0
336, 3, 0, 3, 0, 0, 33.33%, 0, 0, 2, 0.81, 286, 15, 0, 0
342, 3, 0, 3, 0, 0, 33.33%, 0, 0, 2, 0.81, 291, 15, 0, 0
348, 3, 0, 3, 0, 0, 33.33%, 0, 0, 2, 0.81, 296, 15, 0, 0
355, 3, 0, 3, 0, 0, 33.33%, 0, 0, 2, 0.81, 301, 15, 0, 0
361, 3, 0, 3, 0, 0, 33.33%, 0, 0, 2, 0.81, 306, 15, 0, 0
367, 3, 0, 3, 0, 0, 33.33%, 0, 0, 2, 0.81, 311, 15, 0, 0
373, 3, 0, 3, 0, 0, 33.33%, 0, 0, 2, 0.81, 316, 15, 0, 0
379, 3, 0, 3, 0, 0, 33.33%, 0, 0, 2, 0.81, 321, 15, 0, 0
386, 3, 0, 3, 0, 0, 33.33%, 0, 0, 2, 0.81, 326, 15, 0, 0
392, 4, 0, 3, 0, 0, 33.33%, 0, 0, 2, 0.81, 331, 15, 0, 0
398, 4, 0, 3, 0, 0, 33.33%, 0, 0, 2, 0.81, 336, 15, 0, 0
404, 4, 0, 3, 0, 0, 33.33%, 0, 0, 2, 0.81, 341, 15, 0, 0
410, 4, 0, 3, 0, 0, 33.33%, 0, 0, 2, 0.81, 346, 15, 0, 0
416, 4, 0, 3, 0, 0, 33.33%, 0, 0, 2, 0.81, 351, 15, 0, 0
423, 4, 0, 3, 0, 0, 33.33%, 0, 0, 2, 0.81, 356, 15, 0, 0
429, 4, 0, 3, 0, 0, 33.33%, 0, 0, 2, 0.81, 361, 15, 0, 0
435, 4, 0, 3, 0, 0, 33.33%, 0, 0, 2, 0.81, 366, 15, 0, 0
441, 4, 0, 3, 0, 0, 33.33%, 0, 0, 2, 0.81, 371, 15, 0, 0
447, 4, 0, 3, 0, 0, 33.33%, 0, 0, 2, 0.81, 376, 15, 0, 0
453, 4, 0, 3, 0, 0, 33.33%, 0, 0, 2, 0.81, 381, 15, 0, 0
460, 4, 0, 3, 0, 0, 33.33%, 0, 0, 2, 0.81, 386, 15, 0, 0
466, 5, 0, 3, 0, 0, 33.33%, 0, 0, 2, 0.81, 391, 15, 0, 0
472, 5, 0, 3, 0, 0, 33.33%, 0, 0, 2, 0.81, 396, 15, 0, 0
478, 5, 0, 3, 0, 0, 33.33%, 0, 0, 2, 0.81, 401, 15, 0, 0
484, 5, 0, 3, 0, 0, 33.33%, 0, 0, 2, 0.81, 406, 15, 0, 0
491, 5, 0, 3, 0, 0, 33.33%, 0, 0, 2, 0.81, 411, 15, 0, 0
497, 5, 0, 3, 0, 0, 33.33%, 0, 0, 2, 0.81, 416, 15, 0, 0
503, 5, 0, 3, 0, 0, 33.33%, 0, 0, 2, 0.81, 421, 15, 0, 0
509, 5, 0, 3, 0, 0, 33.33%, 0, 0, 2, 0.81, 426, 15, 0, 0
515, 5, 0, 3, 0, 0, 33.33%, 0, 0, 2, 0.81, 431, 15, 0, 0
521, 5, 0, 3, 0, 0, 33.33%, 0, 0, 2, 0.81, 436, 15, 0, 0
528, 5, 0, 3, 0, 0, 33.33%, 0, 0, 2, 0.81, 441, 15, 0, 0
534, 5, 0, 3, 0, 0, 33.33%, 0, 0, 2, 0.81, 446, 15, 0, 0
540, 6, 0, 3, 0, 0, 33.33%, 0, 0, 2, 0.81, 451, 15, 0, 0
546, 6, 0, 3, 0, 0, 33.33%, 0, 0, 2, 0.81, 456, 15, 0, 0
552, 6, 0, 3, 0, 0, 33.33%, 0, 0, 2, 0.81, 461, 15, 0, 0
558, 6, 0, 3, 0, 0, 33.33%, 0, 0, 2, 0.81, 466, 15, 0, 0
565, 6, 0, 3, 0, 0, 33.33%, 0, 0, 2, 0.81, 471, 15, 0, 0
571, 6, 0, 3, 0, 0, 33.33%, 0, 0, 2, 0.81, 476, 15, 0, 0
577, 6, 0, 3, 0, 0, 33.33%, 0, 0, 2, 0.81, 481, 15, 0, 0
583, 6, 0, 3, 0, 0, 33.33%, 0, 0, 2, 0.81, 486, 15, 0, 0
589, 6, 0, 3, 0, 0, 33.33%, 0, 0, 2, 0.81, 491, 15, 0, 0
596, 6, 0, 3, 0, 0, 33.33%, 0, 0, 2, 0.81, 496, 15, 0, 0
602, 6, 0, 3, 0, 0, 33.33%, 0, 0, 2, 0.81, 501, 15, 0, 0
608, 6, 0, 3, 0, 0, 33.33%, 0, 0, 2, 0.81, 506, 15, 0, 0
609, 6, 0, 3, 0, 0, 33.33%, 0, 0, 2, 0.00, 506, 15, 0, 0
